return{connection=CFrame.new(0,0,-1.3),release="\x70\x72\x6F\x6A\x65\x63\x74\x69\x6C\x65",one={offsets={Neck=1,["\x4C\x65\x66\x74\x20\x53\x68\x6F\x75\x6C\x64\x65\x72"]=-0.1,["\x52\x69\x67\x68\x74\x20\x53\x68\x6F\x75\x6C\x64\x65\x72"]=-0.1},fullOffset=0,speed=1,b={["\x52\x6F\x6F\x74\x4A\x6F\x69\x6E\x74"]=CFrame.new(0,0.206782684,-2.37537384,1,0,0,0,0.086724706,0.996232331,0,-0.996232331,0.086724706);["\x4E\x65\x63\x6B"]=CFrame.new(0,0,0,0.969547093,-0.244904861,0,0.234415919,0.928022742,-0.289521992,0.0709053427,0.280705214,0.957171381);["\x4C\x65\x66\x74\x20\x48\x69\x70"]=CFrame.new(-0.496086717,0.666620374,0.28805539,0.911184251,-0.402981192,-0.0857288539,0.411999136,0.891240001,0.189599395,0,-0.208080187,0.978111744);["\x52\x69\x67\x68\x74\x20\x53\x68\x6F\x75\x6C\x64\x65\x72"]=CFrame.new(-0.467679083,0.199187398,0.174769998,-0.870043874,0.0265592113,0.492258281,0.37055701,-0.623340428,0.688574076,0.325132459,0.781499445,0.532491803);["\x52\x69\x67\x68\x74\x20\x48\x69\x70"]=CFrame.new(0.371008545,0.670069695,0.277107298,0.949496448,0.304478437,0.0758255422,-0.313777983,0.921355903,0.229449108,0,-0.241653457,0.970362663);["\x4C\x65\x66\x74\x20\x53\x68\x6F\x75\x6C\x64\x65\x72"]=CFrame.new(-0.028240025,0.360661745,-0.257120788,-0.865097344,-0.0876621604,0.493884474,0.401699156,-0.710751414,0.577468812,0.300406933,0.697959661,0.650082946)},a={["\x52\x6F\x6F\x74\x4A\x6F\x69\x6E\x74"]=CFrame.new(0,0.206782669,-2.3753736,1,0,0,0,0.000873573124,0.999999583,0,-0.999999583,0.000873573124);["\x4E\x65\x63\x6B"]=CFrame.new(0,0,0,0.969547093,-0.243403792,-0.0270737261,0.234415919,0.954340696,-0.18515645,0.0709053427,0.173171401,0.982336044);["\x4C\x65\x66\x74\x20\x48\x69\x70"]=CFrame.new(-0.496086776,0.666620374,0.288055331,0.870463133,-0.484710753,-0.0857288539,0.49186486,0.849777043,0.189599395,-0.0190504473,-0.207206294,0.978111744);["\x52\x69\x67\x68\x74\x20\x53\x68\x6F\x75\x6C\x64\x65\x72"]=CFrame.new(-0.547641873,0.233244061,0.204651833,-0.870043874,0.0265592113,0.492258281,0.37055701,-0.623340428,0.688574076,0.325132459,0.781499445,0.532491803);["\x52\x69\x67\x68\x74\x20\x48\x69\x70"]=CFrame.new(0.371008605,0.670069695,0.277107269,0.917632759,0.390129298,0.0758255422,-0.396813452,0.888758957,0.229449108,0.0221241955,-0.240638554,0.970362663);["\x4C\x65\x66\x74\x20\x53\x68\x6F\x75\x6C\x64\x65\x72"]=CFrame.new(0.00672236085,0.344427288,-0.269261569,-0.865097344,-0.0876621604,0.493884474,0.401699156,-0.710751414,0.577468812,0.300406933,0.697959661,0.650082946)}},two={offsets={Neck=1,["\x52\x69\x67\x68\x74\x20\x53\x68\x6F\x75\x6C\x64\x65\x72"]=2,["\x4C\x65\x66\x74\x20\x53\x68\x6F\x75\x6C\x64\x65\x72"]=2,br_Bone=2,["\x62\x72\x5F\x42\x6F\x6E\x65\x2E\x30\x30\x31"]=0.5,["\x62\x6C\x5F\x42\x6F\x6E\x65\x2E\x30\x30\x31"]=0.5,["\x62\x6C\x5F\x42\x6F\x6E\x65"]=1.6},fullOffset=0,speed=-1,b={["\x62\x6C\x5F\x42\x6F\x6E\x65"]=CFrame.new(-0.417414904,0.801303923,0.382983506,-0.647957921,-0.737674057,0.189703673,0.75735569,-0.65046984,0.057457529,0.0810115859,0.180903226,0.980158746),["\x62\x6C\x5F\x42\x6F\x6E\x65\x2E\x30\x30\x31"]=CFrame.new(-0.0490446091,0.410060883,0.00497436523,0.945132196,0.326321751,-0.0154670104,-0.326656073,0.943316638,-0.0587329082,-0.00457553752,0.0605627559,0.998153925),["\x62\x72\x5F\x42\x6F\x6E\x65"]=CFrame.new(-0.417414904,0.801303923,-0.341858447,-0.671654403,-0.729940593,-0.126756027,0.736495793,-0.639295459,-0.221077651,0.0803389922,-0.241843045,0.966983795),["\x62\x72\x5F\x42\x6F\x6E\x65\x2E\x30\x30\x31"]=CFrame.new(-0.0505461693,0.415587425,0.00302505493,0.936688125,0.310801983,0.161299407,-0.319086432,0.947323143,0.027616553,-0.144219398,-0.0773365498,0.986519039),["\x52\x6F\x6F\x74\x4A\x6F\x69\x6E\x74"]=CFrame.new(0.0398773476,-0.579691172,-1.54800332,-0.998838365,-0.0480906852,0.00302682235,0.048185844,-0.996865809,0.0627426207,0,0.0628155917,0.998025179);["\x4E\x65\x63\x6B"]=CFrame.new(0,0,0,1,0,0,0,0.973411441,-0.229063645,0,0.229063645,0.973411441);["\x4C\x65\x66\x74\x20\x48\x69\x70"]=CFrame.new(-0.354788363,0.0314840712,0.108807057,0.0883930475,-0.994339049,-0.0589618534,0.996085644,0.088238053,0.00523229921,0,-0.059193559,0.998246551);["\x52\x69\x67\x68\x74\x20\x53\x68\x6F\x75\x6C\x64\x65\x72"]=CFrame.new(-0.321538419,-0.0811325908,0.263029099,0.299348772,-0.705830097,0.642023504,0.926216364,0.0533558428,-0.373197466,0.229158297,0.706368923,0.669723392);["\x52\x69\x67\x68\x74\x20\x48\x69\x70"]=CFrame.new(0.329665601,0.0215849727,0.156339854,0.0653354451,0.993754983,0.0904565975,-0.997863352,0.0650664493,0.00592267653,0,-0.0906502828,0.995882809);["\x4C\x65\x66\x74\x20\x53\x68\x6F\x75\x6C\x64\x65\x72"]=CFrame.new(0.437344015,-0.109350055,0.425867051,0.217092276,0.67109865,-0.708870709,-0.976151109,0.149249777,-0.157650128,0,0.726189494,0.687494636)},a={["\x62\x6C\x5F\x42\x6F\x6E\x65"]=CFrame.new(-0.417414188,0.801303625,0.382984161,-0.110022515,-0.975758374,0.189184606,0.990622222,-0.123165667,-0.0591443181,0.0810116008,0.180903226,0.980158925),["\x62\x6C\x5F\x42\x6F\x6E\x65\x2E\x30\x30\x31"]=CFrame.new(-0.0490450859,0.410060883,0.00497245789,0.767365158,0.6341694,-0.0947630331,-0.637646139,0.770281076,-0.00863969699,0.0675151274,0.0670550689,0.995462537),["\x62\x72\x5F\x42\x6F\x6E\x65"]=CFrame.new(-0.417414904,0.801303387,-0.34185791,-0.336758107,-0.919661939,-0.202029303,0.938157618,-0.309408784,-0.15532732,0.0803389922,-0.241843045,0.966983736),["\x62\x72\x5F\x42\x6F\x6E\x65\x2E\x30\x30\x31"]=CFrame.new(-0.0505456924,0.415587187,0.00302505493,0.825664699,0.518199325,0.223040968,-0.53184253,0.846842289,0.00130217522,-0.188205749,-0.119697824,0.974808216),["\x52\x6F\x6F\x74\x4A\x6F\x69\x6E\x74"]=CFrame.new(0.0398773402,-0.579691231,-1.54800332,-0.998838365,-0.04815007,-0.00185641902,0.048185844,-0.998096824,-0.0384814851,0,-0.038526237,0.999257624);["\x4E\x65\x63\x6B"]=CFrame.new(0,0,0,1,0,0,0,0.986216009,-0.165462881,0,0.165462881,0.986216009);["\x4C\x65\x66\x74\x20\x48\x69\x70"]=CFrame.new(-0.354788363,0.0314841047,0.108807057,0.0496510155,-0.997024715,-0.0589618534,0.998763978,0.0494282059,0.00523229921,-0.00230235304,-0.0591487698,0.998246551);["\x52\x69\x67\x68\x74\x20\x53\x68\x6F\x75\x6C\x64\x65\x72"]=CFrame.new(-0.260518521,0.107669421,0.309741259,0.145428076,-0.752765894,0.642023504,0.916952014,-0.141147479,-0.373197466,0.371550322,0.642978191,0.669723392);["\x52\x69\x67\x68\x74\x20\x48\x69\x70"]=CFrame.new(0.32966572,0.0215850379,0.156339854,0.026633583,0.995544255,0.0904565975,-0.999639034,0.0262049884,0.00592267653,0.00352587271,-0.0905816928,0.995882809);["\x4C\x65\x66\x74\x20\x53\x68\x6F\x75\x6C\x64\x65\x72"]=CFrame.new(0.373907238,0.167883724,0.424030602,0.103467643,0.697708309,-0.708870709,-0.98739934,-0.0137444884,-0.157650128,-0.119736865,0.716250122,0.687494636)}}}