return{connection=CFrame.new(0,0,-1),releaseSpeed=0.7,release={["\x64\x72\x6F\x6F\x70\x31\x5F\x42\x6F\x6E\x65"]=CFrame.new(-0.0790710449,-0.194423676,0.307250977,0.997810781,0.0661340952,2.31957529e-08,0.000198222027,-0.00299106352,0.999995589,0.0661337972,-0.997806311,-0.00299762469),["\x64\x72\x6F\x6F\x70\x31\x5F\x42\x6F\x6E\x65\x2E\x30\x30\x31"]=CFrame.new(-0.0704956055,-0.167751312,-0.11668396,1,-3.6293024e-15,-4.88675436e-16,-8.88181173e-16,-0.3698259,0.92910111,-3.55271368e-15,-0.92910111,-0.3698259),["\x64\x72\x6F\x6F\x70\x31\x5F\x42\x6F\x6E\x65\x2E\x30\x30\x32"]=CFrame.new(-0.0889892578,-0.22561264,-0.414154053,0.985928774,-0.118919171,-0.11748518,-0.00582113024,-0.726801872,0.686822474,-0.167064816,-0.676474094,-0.717267156),["\x64\x72\x6F\x6F\x70\x32\x5F\x42\x6F\x6E\x65"]=CFrame.new(0.26991272,-0.464977264,-0.347137451,-0.166746348,-0.47590968,-0.863542616,-0.00730374362,0.876376152,-0.481572121,0.985972822,-0.0739932954,-0.149608448),["\x64\x72\x6F\x6F\x70\x32\x5F\x42\x6F\x6E\x65\x2E\x30\x30\x31"]=CFrame.new(0.239730835,-0.169029236,-0.246963501,0.0997357816,0.134282649,0.98591125,0.922032893,0.360005677,-0.142307118,-0.374042988,0.923235714,-0.0879075676),["\x64\x72\x6F\x6F\x70\x32\x5F\x42\x6F\x6E\x65\x2E\x30\x30\x32"]=CFrame.new(0.1743927,0.00624465942,0.516937256,-0.00608408358,0.268546999,-0.963247359,0.999979973,0.00330109568,-0.00539577147,0.00173075334,-0.963260949,-0.268561721)},one={offsets={Neck=1,["\x4C\x65\x66\x74\x20\x53\x68\x6F\x75\x6C\x64\x65\x72"]=-0.1,["\x52\x69\x67\x68\x74\x20\x53\x68\x6F\x75\x6C\x64\x65\x72"]=-0.1},fullOffset=1,speed=-1,a={["\x70\x5F\x42\x6F\x6E\x65\x2E\x30\x30\x31"]=CFrame.new(0,0.411135674,-0.0124938488,1,-3.10288306e-09,-2.34613468e-10,3.09468473e-09,0.983805239,0.179241166,-3.25350413e-10,-0.179241166,0.983805239),["\x52\x6F\x6F\x74\x4A\x6F\x69\x6E\x74"]=CFrame.new(0,-0.951909244,-0.803487182,1,0,0,0,0.953488529,-0.301429272,0,0.301429272,0.953488529);["\x4E\x65\x63\x6B"]=CFrame.new(0,0,0,1,0,0,0,0.954604626,-0.297875822,0,0.297875822,0.954604626);["\x4C\x65\x66\x74\x20\x48\x69\x70"]=CFrame.new(-0.77601254,-0.492375851,-2.98023224e-08,0.391891867,-0.909186363,-0.140715465,0.912030518,0.404022902,-0.0704603344,0.120913938,-0.100724027,0.987539589);["\x52\x69\x67\x68\x74\x20\x53\x68\x6F\x75\x6C\x64\x65\x72"]=CFrame.new(-0.132481217,-0.399237186,-0.0572803617,0.781969905,-0.570899665,0.250193,0.53164345,0.82041347,0.210416362,-0.3253887,-0.0315259025,0.94505465);["\x52\x69\x67\x68\x74\x20\x48\x69\x70"]=CFrame.new(0.567078471,-0.486866176,2.98023224e-08,0.349095464,0.921276569,0.171410844,-0.928884983,0.364349663,-0.0664914399,-0.12371058,-0.136009142,0.98295331);["\x4C\x65\x66\x74\x20\x53\x68\x6F\x75\x6C\x64\x65\x72"]=CFrame.new(0.22663179,-0.586179256,-0.0375493765,0.65816617,0.723425865,-0.208500028,-0.539705098,0.646446109,0.539281666,0.524914742,-0.242408559,0.815906048)},b={["\x70\x5F\x42\x6F\x6E\x65\x2E\x30\x30\x31"]=CFrame.new(0,0.470314026,0.10758853,1,2.82186763e-09,-3.22643828e-10,-2.83010881e-09,0.980386376,-0.197085306,-2.39833042e-10,0.197085306,0.980386376),["\x52\x6F\x6F\x74\x4A\x6F\x69\x6E\x74"]=CFrame.new(0,-1.12097061,-0.940254509,1,0,0,0,0.997358322,-0.0726386905,0,0.0726386905,0.997358322);["\x4E\x65\x63\x6B"]=CFrame.new(0,1.49011612e-08,-2.98023224e-08,1,0,0,0,0.991269112,-0.131853774,0,0.131853774,0.991269112);["\x4C\x65\x66\x74\x20\x48\x69\x70"]=CFrame.new(-0.30054456,-0.548267961,-0.0659726858,0.128443599,-0.981681943,-0.14071545,0.987734616,0.139334932,-0.070460327,0.0887763947,-0.129939198,0.987539589);["\x52\x69\x67\x68\x74\x20\x53\x68\x6F\x75\x6C\x64\x65\x72"]=CFrame.new(-0.21140334,-0.205545783,-0.0795113444,0.892527103,-0.353378654,0.280211836,0.328169405,0.935071707,0.133950651,-0.309353977,-0.0275976937,0.950546384);["\x52\x69\x67\x68\x74\x20\x48\x69\x70"]=CFrame.new(0.0723113418,-0.517365038,-0.137524664,0.083972238,0.981613457,0.171410829,-0.99310261,0.0965656489,-0.0664914325,-0.0818214566,-0.164644957,0.98295331);["\x4C\x65\x66\x74\x20\x53\x68\x6F\x75\x6C\x64\x65\x72"]=CFrame.new(0.337842792,-0.385607868,-0.11440593,0.851551116,0.459789932,-0.251900434,-0.310210675,0.829230547,0.464912772,0.422646284,-0.317754924,0.848764896)}},two={offsets={Neck=1,["\x4C\x65\x66\x74\x20\x53\x68\x6F\x75\x6C\x64\x65\x72"]=1,["\x52\x69\x67\x68\x74\x20\x53\x68\x6F\x75\x6C\x64\x65\x72"]=0.5,["\x4C\x65\x66\x74\x20\x48\x69\x70"]=-1,["\x52\x69\x67\x68\x74\x20\x48\x69\x70"]=-1,br_Bone=2,["\x62\x72\x5F\x42\x6F\x6E\x65\x2E\x30\x30\x31"]=0.5,["\x62\x6C\x5F\x42\x6F\x6E\x65\x2E\x30\x30\x31"]=0.5,["\x62\x6C\x5F\x42\x6F\x6E\x65"]=1.6},fullOffset=0,speed=1,a={["\x70\x5F\x42\x6F\x6E\x65"]=CFrame.new(0.0186233521,4.76837158e-07,-0.759913445,1,5.6528549e-16,3.71217351e-17,3.51854424e-20,0.0654658899,-0.997854888,-5.66503047e-16,0.997854888,0.0654658899),["\x70\x5F\x42\x6F\x6E\x65\x2E\x30\x30\x31"]=CFrame.new(0,0.405059814,1.1920929e-07,1,-5.41442995e-16,-2.82282094e-16,5.60753811e-16,0.997286916,0.073613897,2.41658447e-16,-0.073613897,0.997286916),["\x70\x5F\x42\x6F\x6E\x65\x2E\x30\x30\x32"]=CFrame.new(0,0.462188244,-1.90734863e-06,1,-6.6153346e-17,2.36231083e-16,7.97107965e-18,0.971208453,0.238231152,-2.45189436e-16,-0.238231152,0.971208453),["\x74\x6F\x72\x73\x5F\x4D\x6F\x76\x65"]=CFrame.new(0.000109672546,0.253359079,0.00065612793,-0.811252832,0.584695637,-2.66041607e-05,-0.584581017,-0.811092973,0.0198338628,0.0115751931,0.0161058288,0.999803424),["\x70\x73\x5F\x42\x6F\x6E\x65\x2E\x30\x30\x34"]=CFrame.new(0.0457363129,0.226955414,0.00263309479,0.919169486,-0.356295526,-0.167871684,0.392324507,0.865877748,0.310382187,0.0347685851,-0.351154059,0.935671926),["\x70\x73\x5F\x42\x6F\x6E\x65\x2E\x30\x30\x31"]=CFrame.new(-0.0457744598,0.224894047,-0.00263959169,0.915115714,0.398344487,0.0623293817,-0.401827037,0.888348758,0.222197056,0.0331407413,-0.228381634,0.9730075),["\x62\x6C\x5F\x42\x6F\x6E\x65"]=CFrame.new(-0.417414188,0.801303625,0.382984161,-0.110022515,-0.975758374,0.189184606,0.990622222,-0.123165667,-0.0591443181,0.0810116008,0.180903226,0.980158925),["\x62\x6C\x5F\x42\x6F\x6E\x65\x2E\x30\x30\x31"]=CFrame.new(-0.0490450859,0.410060883,0.00497245789,0.767365158,0.6341694,-0.0947630331,-0.637646139,0.770281076,-0.00863969699,0.0675151274,0.0670550689,0.995462537),["\x62\x72\x5F\x42\x6F\x6E\x65"]=CFrame.new(-0.417414904,0.801303387,-0.34185791,-0.336758107,-0.919661939,-0.202029303,0.938157618,-0.309408784,-0.15532732,0.0803389922,-0.241843045,0.966983736),["\x62\x72\x5F\x42\x6F\x6E\x65\x2E\x30\x30\x31"]=CFrame.new(-0.0505456924,0.415587187,0.00302505493,0.825664699,0.518199325,0.223040968,-0.53184253,0.846842289,0.00130217522,-0.188205749,-0.119697824,0.974808216),["\x52\x6F\x6F\x74\x4A\x6F\x69\x6E\x74"]=CFrame.new(0.12542364,-2.06696129,-2.35069156,-0.998163998,-0.0197944157,0.0572430119,-0.0605688207,0.326208651,-0.943355381,-0,-0.945090413,-0.326808691);["\x4E\x65\x63\x6B"]=CFrame.new(0.00837133266,-0.108484596,0.110630631,0.960531414,-0.272889823,0.0539489798,0.231461316,0.676495075,-0.699128151,0.154288739,0.684021652,0.712958217);["\x4C\x65\x66\x74\x20\x48\x69\x70"]=CFrame.new(-0.78173852,-0.283835232,0.0893447101,0.0723201111,-0.89747268,-0.435100496,0.995751262,0.0400427505,0.0829131827,-0.0569898114,-0.439248532,0.896556139);["\x52\x69\x67\x68\x74\x20\x53\x68\x6F\x75\x6C\x64\x65\x72"]=CFrame.new(0.250521064,0.280726939,0.417865634,0.962336063,0.21662052,-0.164270759,0.11580915,0.220035166,0.968590677,0.24596253,-0.951136053,0.186661348);["\x52\x69\x67\x68\x74\x20\x48\x69\x70"]=CFrame.new(0.909489751,-0.101909876,0.202336013,0.0184716005,0.88042289,0.47382918,-0.984038651,-0.0678825229,0.164494142,0.176989242,-0.469305038,0.865117073);["\x4C\x65\x66\x74\x20\x53\x68\x6F\x75\x6C\x64\x65\x72"]=CFrame.new(-0.0367340073,0.918576956,0.0576726794,-0.977830112,0.209305301,-0.00630318932,-0.156503528,-0.750487387,-0.642082512,-0.139122143,-0.626862705,0.766608119)},b={["\x70\x5F\x42\x6F\x6E\x65"]=CFrame.new(0.0186233521,4.76837158e-07,-0.759913445,1,5.62846352e-16,6.56757517e-17,2.5808523e-20,0.115853474,-0.993266344,-5.66665042e-16,0.993266344,0.115853474),["\x70\x5F\x42\x6F\x6E\x65\x2E\x30\x30\x31"]=CFrame.new(0,0.405060291,1.1920929e-07,1,-5.07053139e-16,-3.3995355e-16,5.60593774e-16,0.983194828,0.182559818,2.41673005e-16,-0.182559818,0.983194828),["\x70\x5F\x42\x6F\x6E\x65\x2E\x30\x30\x32"]=CFrame.new(0,0.462188721,-2.2649765e-06,1,-9.85328149e-17,2.24625223e-16,7.81992232e-18,0.928110003,0.372306228,-2.45161272e-16,-0.372306228,0.928110003),["\x74\x6F\x72\x73\x5F\x4D\x6F\x76\x65"]=CFrame.new(-0.275154114,0.459260941,-0.00343561172,-0.811252415,0.584696233,-2.66088173e-05,-0.584581673,-0.811092436,0.0198338944,0.0115752202,0.0161058456,0.999803424),["\x70\x73\x5F\x42\x6F\x6E\x65\x2E\x30\x30\x34"]=CFrame.new(-7.62939453e-06,0.206951141,-2.86102295e-06,0.919169545,-0.356295496,-0.167871699,0.392324537,0.865877807,0.310382217,0.0347685888,-0.351154059,0.935671926),["\x70\x73\x5F\x42\x6F\x6E\x65\x2E\x30\x30\x31"]=CFrame.new(7.62939453e-06,0.204971313,-1.43051147e-06,0.915115714,0.398344457,0.0623293854,-0.401827008,0.888348758,0.222197086,0.0331407376,-0.228381664,0.973007441),["\x62\x6C\x5F\x42\x6F\x6E\x65"]=CFrame.new(-0.417414904,0.801303923,0.382983506,-0.647957921,-0.737674057,0.189703673,0.75735569,-0.65046984,0.057457529,0.0810115859,0.180903226,0.980158746),["\x62\x6C\x5F\x42\x6F\x6E\x65\x2E\x30\x30\x31"]=CFrame.new(-0.0490446091,0.410060883,0.00497436523,0.945132196,0.326321751,-0.0154670104,-0.326656073,0.943316638,-0.0587329082,-0.00457553752,0.0605627559,0.998153925),["\x62\x72\x5F\x42\x6F\x6E\x65"]=CFrame.new(-0.417414904,0.801303923,-0.341858447,-0.671654403,-0.729940593,-0.126756027,0.736495793,-0.639295459,-0.221077651,0.0803389922,-0.241843045,0.966983795),["\x62\x72\x5F\x42\x6F\x6E\x65\x2E\x30\x30\x31"]=CFrame.new(-0.0505461693,0.415587425,0.00302505493,0.936688125,0.310801983,0.161299407,-0.319086432,0.947323143,0.027616553,-0.144219398,-0.0773365498,0.986519039),["\x52\x6F\x6F\x74\x4A\x6F\x69\x6E\x74"]=CFrame.new(0.130988345,-2.15866661,-2.38246059,-0.998163998,-0.0224959906,0.0562362149,-0.0605688207,0.370730162,-0.926763535,-0,-0.928468049,-0.371412069);["\x4E\x65\x63\x6B"]=CFrame.new(0.00837133825,-0.108484656,0.110630631,0.922542512,-0.323572785,0.210276008,0.371104419,0.594484329,-0.71335119,0.105815239,0.736131132,0.668516338);["\x4C\x65\x66\x74\x20\x48\x69\x70"]=CFrame.new(-0.788375139,-0.226184547,0.0807928666,-0.0187942535,-0.900184751,-0.435100496,0.994696796,-0.0608430952,0.0829131678,-0.101110302,-0.431234807,0.896556139);["\x52\x69\x67\x68\x74\x20\x53\x68\x6F\x75\x6C\x64\x65\x72"]=CFrame.new(0.318645418,0.288921773,0.435276985,0.962336063,0.235631883,-0.135598391,0.115809135,0.0959496945,0.988623679,0.245962545,-0.967094004,0.0650474653);["\x52\x69\x67\x68\x74\x20\x48\x69\x70"]=CFrame.new(0.919013023,-0.0462320074,0.186533511,-0.0706428885,0.877777696,0.47382918,-0.972131908,-0.167030841,0.164494112,0.223533794,-0.449004084,0.865117073);["\x4C\x65\x66\x74\x20\x53\x68\x6F\x75\x6C\x64\x65\x72"]=CFrame.new(-0.136383668,1.06921148,0.183057487,-0.95612216,0.292900175,-0.00630319025,-0.220678627,-0.734182537,-0.642082393,-0.192694649,-0.612518907,0.766608119)}}}