return{connection=CFrame.new(0,0.5,-0.5),releaseSpeed=0.7,release={["\x64\x72\x6F\x6F\x70\x31\x5F\x42\x6F\x6E\x65"]=CFrame.new(-0.0790710449,-0.194423676,0.307250977,0.997810781,0.0661340952,2.31957529e-08,0.000198222027,-0.00299106352,0.999995589,0.0661337972,-0.997806311,-0.00299762469),["\x64\x72\x6F\x6F\x70\x31\x5F\x42\x6F\x6E\x65\x2E\x30\x30\x31"]=CFrame.new(-0.0704956055,-0.167751312,-0.11668396,1,-3.6293024e-15,-4.88675436e-16,-8.88181173e-16,-0.3698259,0.92910111,-3.55271368e-15,-0.92910111,-0.3698259),["\x64\x72\x6F\x6F\x70\x31\x5F\x42\x6F\x6E\x65\x2E\x30\x30\x32"]=CFrame.new(-0.0889892578,-0.22561264,-0.414154053,0.985928774,-0.118919171,-0.11748518,-0.00582113024,-0.726801872,0.686822474,-0.167064816,-0.676474094,-0.717267156),["\x64\x72\x6F\x6F\x70\x32\x5F\x42\x6F\x6E\x65"]=CFrame.new(0.26991272,-0.464977264,-0.347137451,-0.166746348,-0.47590968,-0.863542616,-0.00730374362,0.876376152,-0.481572121,0.985972822,-0.0739932954,-0.149608448),["\x64\x72\x6F\x6F\x70\x32\x5F\x42\x6F\x6E\x65\x2E\x30\x30\x31"]=CFrame.new(0.239730835,-0.169029236,-0.246963501,0.0997357816,0.134282649,0.98591125,0.922032893,0.360005677,-0.142307118,-0.374042988,0.923235714,-0.0879075676),["\x64\x72\x6F\x6F\x70\x32\x5F\x42\x6F\x6E\x65\x2E\x30\x30\x32"]=CFrame.new(0.1743927,0.00624465942,0.516937256,-0.00608408358,0.268546999,-0.963247359,0.999979973,0.00330109568,-0.00539577147,0.00173075334,-0.963260949,-0.268561721)},one={offsets={Neck=1,["\x4C\x65\x66\x74\x20\x53\x68\x6F\x75\x6C\x64\x65\x72"]=-0.1,["\x52\x69\x67\x68\x74\x20\x53\x68\x6F\x75\x6C\x64\x65\x72"]=-0.1},fullOffset=0,speed=1,a={["\x70\x5F\x42\x6F\x6E\x65"]=CFrame.new(-0.00747489929,-0.091987133,-0.635826111,1,-7.70922792e-09,-1.96608152e-09,2.01039807e-09,0.483953059,-0.875094056,7.69778996e-09,0.875094056,0.483953059),["\x52\x6F\x6F\x74\x4A\x6F\x69\x6E\x74"]=CFrame.new(0,0.571295857,-2.3203299,1,0,0,0,0.0681933537,0.997672141,0,-0.997672141,0.0681933537);["\x4E\x65\x63\x6B"]=CFrame.new(0,0,0,1,0,0,0,0.954319775,-0.298787147,0,0.298787147,0.954319775);["\x4C\x65\x66\x74\x20\x48\x69\x70"]=CFrame.new(-0.353103489,0.790768802,-0.0691328198,0.950781405,-0.303247213,0.0636856183,0.255778432,0.884087682,0.391104192,-0.1749053,-0.355565846,0.918139875);["\x52\x69\x67\x68\x74\x20\x53\x68\x6F\x75\x6C\x64\x65\x72"]=CFrame.new(-0.874908447,0.28803128,-0.0555057526,0.571223617,-0.741903484,0.351116508,0.639212132,0.670442402,0.37671417,-0.5148893,0.00924986228,0.857206821);["\x52\x69\x67\x68\x74\x20\x48\x69\x70"]=CFrame.new(0.350178689,0.99994415,-0.187323943,0.961994171,0.271944582,-0.024766013,-0.237504154,0.878007591,0.415561467,0.134754688,-0.393886477,0.90922749);["\x4C\x65\x66\x74\x20\x53\x68\x6F\x75\x6C\x64\x65\x72"]=CFrame.new(0.539773643,0.376054794,0.206728786,0.648271918,0.682041407,-0.338471413,-0.614601195,0.731136978,0.296146333,0.449453354,0.0160415899,0.893159747)},b={["\x70\x5F\x42\x6F\x6E\x65"]=CFrame.new(-0.0074745384,0.0132019827,-0.631679595,1,5.66973626e-16,-3.25778177e-18,2.01857192e-21,-0.00574937928,-0.99998349,-5.66982997e-16,0.99998349,-0.00574937928),["\x52\x6F\x6F\x74\x4A\x6F\x69\x6E\x74"]=CFrame.new(0,0.571295857,-2.32032967,1,0,0,0,-0.199381471,0.979921937,-0,-0.979921937,-0.199381471);["\x4E\x65\x63\x6B"]=CFrame.new(0,1.49011612e-08,-2.98023224e-08,1,0,0,0,0.976699471,-0.21461159,0,0.21461159,0.976699471);["\x4C\x65\x66\x74\x20\x48\x69\x70"]=CFrame.new(-0.292444319,0.697771907,-0.0337245166,0.851491213,-0.520486832,0.0636856258,0.458529919,0.797986567,0.391103983,-0.254385531,-0.303820312,0.918139875);["\x52\x69\x67\x68\x74\x20\x53\x68\x6F\x75\x6C\x64\x65\x72"]=CFrame.new(-0.623967171,0.313414156,-0.169448972,0.706876516,-0.614036083,0.351116508,0.493725747,0.783782601,0.376713812,-0.506517112,-0.0929345861,0.857206821);["\x52\x69\x67\x68\x74\x20\x48\x69\x70"]=CFrame.new(0.292752624,0.907126486,-0.146465719,0.869820952,0.492745221,-0.0247660186,-0.439334303,0.796422958,0.415561259,0.224490672,-0.35058406,0.90922749);["\x4C\x65\x66\x74\x20\x53\x68\x6F\x75\x6C\x64\x65\x72"]=CFrame.new(0.249169976,0.386279017,0.0932093263,0.789174914,0.512482584,-0.338471413,-0.427613497,0.854070842,0.296145976,0.440850198,-0.0889758021,0.893159747)}},two={offsets={Neck=-1,["\x4C\x65\x66\x74\x20\x48\x69\x70"]=-0.3,["\x52\x69\x67\x68\x74\x20\x48\x69\x70"]=-0.3,br_Bone=2,["\x62\x72\x5F\x42\x6F\x6E\x65\x2E\x30\x30\x31"]=0.5,["\x62\x6C\x5F\x42\x6F\x6E\x65\x2E\x30\x30\x31"]=0.5,["\x62\x6C\x5F\x42\x6F\x6E\x65"]=1.6},fullOffset=0,speed=1,a={["\x70\x5F\x42\x6F\x6E\x65"]=CFrame.new(0.0186233521,4.76837158e-07,-0.759913445,1,5.6528549e-16,3.71217351e-17,3.51854424e-20,0.0654658899,-0.997854888,-5.66503047e-16,0.997854888,0.0654658899),["\x70\x5F\x42\x6F\x6E\x65\x2E\x30\x30\x31"]=CFrame.new(0,0.405059814,1.1920929e-07,1,-5.41442995e-16,-2.82282094e-16,5.60753811e-16,0.997286916,0.073613897,2.41658447e-16,-0.073613897,0.997286916),["\x70\x5F\x42\x6F\x6E\x65\x2E\x30\x30\x32"]=CFrame.new(0,0.462188244,-1.90734863e-06,1,-6.6153346e-17,2.36231083e-16,7.97107965e-18,0.971208453,0.238231152,-2.45189436e-16,-0.238231152,0.971208453),["\x74\x6F\x72\x73\x5F\x4D\x6F\x76\x65"]=CFrame.new(0.000109672546,0.253359079,0.00065612793,-0.811252832,0.584695637,-2.66041607e-05,-0.584581017,-0.811092973,0.0198338628,0.0115751931,0.0161058288,0.999803424),["\x70\x73\x5F\x42\x6F\x6E\x65\x2E\x30\x30\x34"]=CFrame.new(-7.62939453e-06,0.206951141,-2.86102295e-06,0.919169545,-0.356295496,-0.167871699,0.392324537,0.865877807,0.310382217,0.0347685888,-0.351154059,0.935671926),["\x70\x73\x5F\x42\x6F\x6E\x65\x2E\x30\x30\x31"]=CFrame.new(7.62939453e-06,0.204971313,-1.43051147e-06,0.915115714,0.398344457,0.0623293854,-0.401827008,0.888348758,0.222197086,0.0331407376,-0.228381664,0.973007441),["\x62\x6C\x5F\x42\x6F\x6E\x65"]=CFrame.new(-0.417414188,0.801303625,0.382984161,-0.110022515,-0.975758374,0.189184606,0.990622222,-0.123165667,-0.0591443181,0.0810116008,0.180903226,0.980158925),["\x62\x6C\x5F\x42\x6F\x6E\x65\x2E\x30\x30\x31"]=CFrame.new(-0.0490450859,0.410060883,0.00497245789,0.767365158,0.6341694,-0.0947630331,-0.637646139,0.770281076,-0.00863969699,0.0675151274,0.0670550689,0.995462537),["\x62\x72\x5F\x42\x6F\x6E\x65"]=CFrame.new(-0.417414904,0.801303387,-0.34185791,-0.336758107,-0.919661939,-0.202029303,0.938157618,-0.309408784,-0.15532732,0.0803389922,-0.241843045,0.966983736),["\x62\x72\x5F\x42\x6F\x6E\x65\x2E\x30\x30\x31"]=CFrame.new(-0.0505456924,0.415587187,0.00302505493,0.825664699,0.518199325,0.223040968,-0.53184253,0.846842289,0.00130217522,-0.188205749,-0.119697824,0.974808216),["\x52\x6F\x6F\x74\x4A\x6F\x69\x6E\x74"]=CFrame.new(0,0.498424381,-0.521439612,1,0,0,0,0.996273339,0.0862520188,0,-0.0862520188,0.996273339);["\x4E\x65\x63\x6B"]=CFrame.new(0,0,0,1,0,0,0,0.95364064,-0.300947726,0,0.300947726,0.95364064);["\x4C\x65\x66\x74\x20\x48\x69\x70"]=CFrame.new(-0.321436048,0.557637095,0.234457642,0.924639702,0.145805106,0.351827115,-0.219655961,0.958843768,0.179913074,-0.311115175,-0.243635803,0.91861254);["\x52\x69\x67\x68\x74\x20\x53\x68\x6F\x75\x6C\x64\x65\x72"]=CFrame.new(-0.321050525,-0.461322695,-0.202423066,0.599055111,0.275428683,-0.751845658,-0.245074078,0.956983268,0.155308157,0.762280524,0.0912197754,0.640786529);["\x52\x69\x67\x68\x74\x20\x48\x69\x70"]=CFrame.new(0.317771524,0.645325541,0.244324058,0.968329072,-0.0873304754,-0.233906463,0.135363817,0.970826626,0.197916567,0.209798604,-0.223310962,0.951901615);["\x4C\x65\x66\x74\x20\x53\x68\x6F\x75\x6C\x64\x65\x72"]=CFrame.new(0.439335287,-0.455199242,-0.114614844,0.68958056,-0.39110598,0.609520018,0.242250398,0.917722881,0.314798206,-0.682490468,-0.0694223568,0.727590144)},b={["\x70\x5F\x42\x6F\x6E\x65"]=CFrame.new(0.0186233521,4.76837158e-07,-0.759913445,1,5.62846352e-16,6.56757517e-17,2.5808523e-20,0.115853474,-0.993266344,-5.66665042e-16,0.993266344,0.115853474),["\x70\x5F\x42\x6F\x6E\x65\x2E\x30\x30\x31"]=CFrame.new(0,0.405060291,1.1920929e-07,1,-5.07053139e-16,-3.3995355e-16,5.60593774e-16,0.983194828,0.182559818,2.41673005e-16,-0.182559818,0.983194828),["\x70\x5F\x42\x6F\x6E\x65\x2E\x30\x30\x32"]=CFrame.new(0,0.462188721,-2.2649765e-06,1,-9.85328149e-17,2.24625223e-16,7.81992232e-18,0.928110003,0.372306228,-2.45161272e-16,-0.372306228,0.928110003),["\x74\x6F\x72\x73\x5F\x4D\x6F\x76\x65"]=CFrame.new(-0.275154114,0.459260941,-0.00343561172,-0.811252415,0.584696233,-2.66088173e-05,-0.584581673,-0.811092436,0.0198338944,0.0115752202,0.0161058456,0.999803424),["\x70\x73\x5F\x42\x6F\x6E\x65\x2E\x30\x30\x34"]=CFrame.new(0.0457363129,0.226955414,0.00263309479,0.919169486,-0.356295526,-0.167871684,0.392324507,0.865877748,0.310382187,0.0347685851,-0.351154059,0.935671926),["\x70\x73\x5F\x42\x6F\x6E\x65\x2E\x30\x30\x31"]=CFrame.new(-0.0457744598,0.224894047,-0.00263959169,0.915115714,0.398344487,0.0623293817,-0.401827037,0.888348758,0.222197056,0.0331407413,-0.228381634,0.9730075),["\x62\x6C\x5F\x42\x6F\x6E\x65"]=CFrame.new(-0.417414904,0.801303923,0.382983506,-0.647957921,-0.737674057,0.189703673,0.75735569,-0.65046984,0.057457529,0.0810115859,0.180903226,0.980158746),["\x62\x6C\x5F\x42\x6F\x6E\x65\x2E\x30\x30\x31"]=CFrame.new(-0.0490446091,0.410060883,0.00497436523,0.945132196,0.326321751,-0.0154670104,-0.326656073,0.943316638,-0.0587329082,-0.00457553752,0.0605627559,0.998153925),["\x62\x72\x5F\x42\x6F\x6E\x65"]=CFrame.new(-0.417414904,0.801303923,-0.341858447,-0.671654403,-0.729940593,-0.126756027,0.736495793,-0.639295459,-0.221077651,0.0803389922,-0.241843045,0.966983795),["\x62\x72\x5F\x42\x6F\x6E\x65\x2E\x30\x30\x31"]=CFrame.new(-0.0505461693,0.415587425,0.00302505493,0.936688125,0.310801983,0.161299407,-0.319086432,0.947323143,0.027616553,-0.144219398,-0.0773365498,0.986519039),["\x52\x6F\x6F\x74\x4A\x6F\x69\x6E\x74"]=CFrame.new(0,0.503541291,-0.462335765,1,0,0,0,0.988200068,0.153168589,0,-0.153168589,0.988200068);["\x4E\x65\x63\x6B"]=CFrame.new(0,0,0,1,0,0,0,0.991093278,-0.133169621,0,0.133169621,0.991093278);["\x4C\x65\x66\x74\x20\x48\x69\x70"]=CFrame.new(-0.321435988,0.557636976,0.234457672,0.934901595,0.0466553085,0.351827115,-0.116450265,0.976764679,0.179913029,-0.335258633,-0.209171474,0.91861254);["\x52\x69\x67\x68\x74\x20\x53\x68\x6F\x75\x6C\x64\x65\x72"]=CFrame.new(-0.349152505,-0.549638331,-0.208732292,0.599055111,0.302517325,-0.741360962,-0.245074064,0.950720251,0.189916342,0.762280524,0.0679179952,0.64367348);["\x52\x69\x67\x68\x74\x20\x48\x69\x70"]=CFrame.new(0.317771584,0.645325422,0.244324073,0.972125292,0.0161335766,-0.233906463,0.0313618295,0.979716241,0.197916538,0.232355222,-0.199735537,0.951901615);["\x4C\x65\x66\x74\x20\x53\x68\x6F\x75\x6C\x64\x65\x72"]=CFrame.new(0.488642454,-0.555181324,-0.100285143,0.68958056,-0.438678741,0.576228559,0.242250368,0.889553547,0.387307197,-0.682490468,-0.127487987,0.719689965)}}}